$ 1 0.000005 3.5993318835628396 27 5 50 5e-11
155 112 192 144 192 0 4.999999999999999
155 304 192 352 192 0 0
w 304 224 304 304 0
w 112 224 112 304 0
w 112 304 304 304 0
w 112 192 112 128 0
w 112 128 224 128 0
R 112 224 48 224 1 2 150.1 2.5 2.5 0 0.5
w 288 144 304 144 0
w 720 112 832 112 0
w 720 144 736 144 0
w 544 128 640 128 0
w 544 192 544 128 0
w 544 304 736 304 0
w 544 224 544 304 0
w 736 224 736 304 0
155 736 192 784 192 0 4.999999999999999
155 544 192 576 192 0 0
w 496 224 544 224 0
w 112 128 112 64 0
w 112 64 496 64 0
w 496 64 496 224 0
162 448 192 448 336 2 default-led 0 1 0 0.01
162 688 192 688 336 2 default-led 1 0 0 0.01
162 880 192 880 336 2 default-led 0 1 0 0.01
162 256 192 256 336 2 default-led 1 0 0 0.01
g 256 336 256 368 0 0
g 448 336 448 368 0 0
g 688 336 688 368 0 0
g 880 336 880 368 0 0
w 208 192 256 192 0
w 256 192 304 192 0
w 400 192 448 192 0
w 832 192 880 192 0
w 640 192 688 192 0
w 688 192 736 192 0
150 288 128 224 128 0 2 0 5
w 208 256 224 256 0
w 224 256 224 176 0
w 224 176 304 176 0
w 304 176 304 144 0
w 288 112 416 112 0
w 416 112 416 256 0
w 416 256 400 256 0
150 720 128 640 128 0 2 0 5
w 640 256 656 256 0
w 656 256 656 176 0
w 656 176 736 176 0
w 736 176 736 144 0
w 832 112 848 112 0
w 848 112 848 256 0
w 848 256 832 256 0
