$ 1 0.000005 42.05934401203833 21 5 50 5e-11
184 560 384 848 384 0 2
184 560 144 576 144 0 2
R 256 144 256 192 0 2 2 5 2.5 0 0.5
R 320 176 320 224 0 2 256 5 2.5 0 0.5
w 560 208 528 208 0
w 528 208 528 144 0
w 560 240 496 240 0
w 496 240 496 176 0
w 320 176 496 176 0
w 496 176 560 176 0
w 256 144 528 144 0
w 528 144 560 144 0
R 256 384 256 432 0 2 0.2 5 2.5 0 0.5
R 320 448 320 496 0 2 1024 5 2.5 0 0.5
w 560 416 528 416 0
w 528 416 528 384 0
w 560 480 528 480 0
w 528 480 528 448 0
w 256 384 528 384 0
w 528 384 560 384 0
w 320 448 528 448 0
w 528 448 560 448 0
w 624 304 624 336 0
w 624 336 736 336 0
w 736 336 736 576 0
w 736 576 624 576 0
w 624 544 624 576 0
w 656 304 768 304 0
w 768 304 768 544 0
w 768 544 656 544 0
w 656 544 656 624 0
w 624 576 624 624 0
s 624 624 624 672 0 1 true
s 656 624 656 672 0 1 true
w 688 144 752 144 0
w 688 384 752 384 0
R 624 688 528 688 0 0 40 5 0 0 0.5
w 624 688 624 672 0
w 624 688 656 688 0
w 656 688 656 672 0
o 34 4 0 4102 5 0.1 0 2 34 3
o 35 4 0 4102 5 0.1 0 2 35 3
